CREATE DATABASE  IF NOT EXISTS `damhwa` /*!40100 DEFAULT CHARACTER SET utf8mb4 COLLATE utf8mb4_0900_ai_ci */ /*!80016 DEFAULT ENCRYPTION='N' */;
USE `damhwa`;
-- MySQL dump 10.13  Distrib 8.0.21, for macos10.15 (x86_64)
--
-- Host: 3.38.108.66    Database: damhwa
-- ------------------------------------------------------
-- Server version	8.0.26

/*!40101 SET @OLD_CHARACTER_SET_CLIENT=@@CHARACTER_SET_CLIENT */;
/*!40101 SET @OLD_CHARACTER_SET_RESULTS=@@CHARACTER_SET_RESULTS */;
/*!40101 SET @OLD_COLLATION_CONNECTION=@@COLLATION_CONNECTION */;
/*!50503 SET NAMES utf8 */;
/*!40103 SET @OLD_TIME_ZONE=@@TIME_ZONE */;
/*!40103 SET TIME_ZONE='+00:00' */;
/*!40014 SET @OLD_UNIQUE_CHECKS=@@UNIQUE_CHECKS, UNIQUE_CHECKS=0 */;
/*!40014 SET @OLD_FOREIGN_KEY_CHECKS=@@FOREIGN_KEY_CHECKS, FOREIGN_KEY_CHECKS=0 */;
/*!40101 SET @OLD_SQL_MODE=@@SQL_MODE, SQL_MODE='NO_AUTO_VALUE_ON_ZERO' */;
/*!40111 SET @OLD_SQL_NOTES=@@SQL_NOTES, SQL_NOTES=0 */;

--
-- Table structure for table `auth_group`
--

DROP TABLE IF EXISTS `auth_group`;
/*!40101 SET @saved_cs_client     = @@character_set_client */;
/*!50503 SET character_set_client = utf8mb4 */;
CREATE TABLE `auth_group` (
  `id` int NOT NULL AUTO_INCREMENT,
  `name` varchar(150) NOT NULL,
  PRIMARY KEY (`id`),
  UNIQUE KEY `name` (`name`)
) ENGINE=InnoDB DEFAULT CHARSET=utf8mb4 COLLATE=utf8mb4_0900_ai_ci;
/*!40101 SET character_set_client = @saved_cs_client */;

--
-- Dumping data for table `auth_group`
--

LOCK TABLES `auth_group` WRITE;
/*!40000 ALTER TABLE `auth_group` DISABLE KEYS */;
/*!40000 ALTER TABLE `auth_group` ENABLE KEYS */;
UNLOCK TABLES;

--
-- Table structure for table `auth_group_permissions`
--

DROP TABLE IF EXISTS `auth_group_permissions`;
/*!40101 SET @saved_cs_client     = @@character_set_client */;
/*!50503 SET character_set_client = utf8mb4 */;
CREATE TABLE `auth_group_permissions` (
  `id` bigint NOT NULL AUTO_INCREMENT,
  `group_id` int NOT NULL,
  `permission_id` int NOT NULL,
  PRIMARY KEY (`id`),
  UNIQUE KEY `auth_group_permissions_group_id_permission_id_0cd325b0_uniq` (`group_id`,`permission_id`),
  KEY `auth_group_permissio_permission_id_84c5c92e_fk_auth_perm` (`permission_id`),
  CONSTRAINT `auth_group_permissio_permission_id_84c5c92e_fk_auth_perm` FOREIGN KEY (`permission_id`) REFERENCES `auth_permission` (`id`),
  CONSTRAINT `auth_group_permissions_group_id_b120cbf9_fk_auth_group_id` FOREIGN KEY (`group_id`) REFERENCES `auth_group` (`id`)
) ENGINE=InnoDB DEFAULT CHARSET=utf8mb4 COLLATE=utf8mb4_0900_ai_ci;
/*!40101 SET character_set_client = @saved_cs_client */;

--
-- Dumping data for table `auth_group_permissions`
--

LOCK TABLES `auth_group_permissions` WRITE;
/*!40000 ALTER TABLE `auth_group_permissions` DISABLE KEYS */;
/*!40000 ALTER TABLE `auth_group_permissions` ENABLE KEYS */;
UNLOCK TABLES;

--
-- Table structure for table `auth_permission`
--

DROP TABLE IF EXISTS `auth_permission`;
/*!40101 SET @saved_cs_client     = @@character_set_client */;
/*!50503 SET character_set_client = utf8mb4 */;
CREATE TABLE `auth_permission` (
  `id` int NOT NULL AUTO_INCREMENT,
  `name` varchar(255) NOT NULL,
  `content_type_id` int NOT NULL,
  `codename` varchar(100) NOT NULL,
  PRIMARY KEY (`id`),
  UNIQUE KEY `auth_permission_content_type_id_codename_01ab375a_uniq` (`content_type_id`,`codename`),
  CONSTRAINT `auth_permission_content_type_id_2f476e4b_fk_django_co` FOREIGN KEY (`content_type_id`) REFERENCES `django_content_type` (`id`)
) ENGINE=InnoDB AUTO_INCREMENT=41 DEFAULT CHARSET=utf8mb4 COLLATE=utf8mb4_0900_ai_ci;
/*!40101 SET character_set_client = @saved_cs_client */;

--
-- Dumping data for table `auth_permission`
--

LOCK TABLES `auth_permission` WRITE;
/*!40000 ALTER TABLE `auth_permission` DISABLE KEYS */;
/*!40000 ALTER TABLE `auth_permission` ENABLE KEYS */;
UNLOCK TABLES;

--
-- Table structure for table `auth_user`
--

DROP TABLE IF EXISTS `auth_user`;
/*!40101 SET @saved_cs_client     = @@character_set_client */;
/*!50503 SET character_set_client = utf8mb4 */;
CREATE TABLE `auth_user` (
  `id` int NOT NULL AUTO_INCREMENT,
  `password` varchar(128) NOT NULL,
  `last_login` datetime(6) DEFAULT NULL,
  `is_superuser` tinyint(1) NOT NULL,
  `username` varchar(150) NOT NULL,
  `first_name` varchar(150) NOT NULL,
  `last_name` varchar(150) NOT NULL,
  `email` varchar(254) NOT NULL,
  `is_staff` tinyint(1) NOT NULL,
  `is_active` tinyint(1) NOT NULL,
  `date_joined` datetime(6) NOT NULL,
  PRIMARY KEY (`id`),
  UNIQUE KEY `username` (`username`)
) ENGINE=InnoDB DEFAULT CHARSET=utf8mb4 COLLATE=utf8mb4_0900_ai_ci;
/*!40101 SET character_set_client = @saved_cs_client */;

--
-- Dumping data for table `auth_user`
--

LOCK TABLES `auth_user` WRITE;
/*!40000 ALTER TABLE `auth_user` DISABLE KEYS */;
/*!40000 ALTER TABLE `auth_user` ENABLE KEYS */;
UNLOCK TABLES;

--
-- Table structure for table `auth_user_groups`
--

DROP TABLE IF EXISTS `auth_user_groups`;
/*!40101 SET @saved_cs_client     = @@character_set_client */;
/*!50503 SET character_set_client = utf8mb4 */;
CREATE TABLE `auth_user_groups` (
  `id` bigint NOT NULL AUTO_INCREMENT,
  `user_id` int NOT NULL,
  `group_id` int NOT NULL,
  PRIMARY KEY (`id`),
  UNIQUE KEY `auth_user_groups_user_id_group_id_94350c0c_uniq` (`user_id`,`group_id`),
  KEY `auth_user_groups_group_id_97559544_fk_auth_group_id` (`group_id`),
  CONSTRAINT `auth_user_groups_group_id_97559544_fk_auth_group_id` FOREIGN KEY (`group_id`) REFERENCES `auth_group` (`id`),
  CONSTRAINT `auth_user_groups_user_id_6a12ed8b_fk_auth_user_id` FOREIGN KEY (`user_id`) REFERENCES `auth_user` (`id`)
) ENGINE=InnoDB DEFAULT CHARSET=utf8mb4 COLLATE=utf8mb4_0900_ai_ci;
/*!40101 SET character_set_client = @saved_cs_client */;

--
-- Dumping data for table `auth_user_groups`
--

LOCK TABLES `auth_user_groups` WRITE;
/*!40000 ALTER TABLE `auth_user_groups` DISABLE KEYS */;
/*!40000 ALTER TABLE `auth_user_groups` ENABLE KEYS */;
UNLOCK TABLES;

--
-- Table structure for table `auth_user_user_permissions`
--

DROP TABLE IF EXISTS `auth_user_user_permissions`;
/*!40101 SET @saved_cs_client     = @@character_set_client */;
/*!50503 SET character_set_client = utf8mb4 */;
CREATE TABLE `auth_user_user_permissions` (
  `id` bigint NOT NULL AUTO_INCREMENT,
  `user_id` int NOT NULL,
  `permission_id` int NOT NULL,
  PRIMARY KEY (`id`),
  UNIQUE KEY `auth_user_user_permissions_user_id_permission_id_14a6b632_uniq` (`user_id`,`permission_id`),
  KEY `auth_user_user_permi_permission_id_1fbb5f2c_fk_auth_perm` (`permission_id`),
  CONSTRAINT `auth_user_user_permi_permission_id_1fbb5f2c_fk_auth_perm` FOREIGN KEY (`permission_id`) REFERENCES `auth_permission` (`id`),
  CONSTRAINT `auth_user_user_permissions_user_id_a95ead1b_fk_auth_user_id` FOREIGN KEY (`user_id`) REFERENCES `auth_user` (`id`)
) ENGINE=InnoDB DEFAULT CHARSET=utf8mb4 COLLATE=utf8mb4_0900_ai_ci;
/*!40101 SET character_set_client = @saved_cs_client */;

--
-- Dumping data for table `auth_user_user_permissions`
--

LOCK TABLES `auth_user_user_permissions` WRITE;
/*!40000 ALTER TABLE `auth_user_user_permissions` DISABLE KEYS */;
/*!40000 ALTER TABLE `auth_user_user_permissions` ENABLE KEYS */;
UNLOCK TABLES;

--
-- Table structure for table `django_admin_log`
--

DROP TABLE IF EXISTS `django_admin_log`;
/*!40101 SET @saved_cs_client     = @@character_set_client */;
/*!50503 SET character_set_client = utf8mb4 */;
CREATE TABLE `django_admin_log` (
  `id` int NOT NULL AUTO_INCREMENT,
  `action_time` datetime(6) NOT NULL,
  `object_id` longtext,
  `object_repr` varchar(200) NOT NULL,
  `action_flag` smallint unsigned NOT NULL,
  `change_message` longtext NOT NULL,
  `content_type_id` int DEFAULT NULL,
  `user_id` int NOT NULL,
  PRIMARY KEY (`id`),
  KEY `django_admin_log_content_type_id_c4bce8eb_fk_django_co` (`content_type_id`),
  KEY `django_admin_log_user_id_c564eba6_fk_auth_user_id` (`user_id`),
  CONSTRAINT `django_admin_log_content_type_id_c4bce8eb_fk_django_co` FOREIGN KEY (`content_type_id`) REFERENCES `django_content_type` (`id`),
  CONSTRAINT `django_admin_log_user_id_c564eba6_fk_auth_user_id` FOREIGN KEY (`user_id`) REFERENCES `auth_user` (`id`)
) ENGINE=InnoDB DEFAULT CHARSET=utf8mb4 COLLATE=utf8mb4_0900_ai_ci;
/*!40101 SET character_set_client = @saved_cs_client */;

--
-- Dumping data for table `django_admin_log`
--

LOCK TABLES `django_admin_log` WRITE;
/*!40000 ALTER TABLE `django_admin_log` DISABLE KEYS */;
/*!40000 ALTER TABLE `django_admin_log` ENABLE KEYS */;
UNLOCK TABLES;

--
-- Table structure for table `django_content_type`
--

DROP TABLE IF EXISTS `django_content_type`;
/*!40101 SET @saved_cs_client     = @@character_set_client */;
/*!50503 SET character_set_client = utf8mb4 */;
CREATE TABLE `django_content_type` (
  `id` int NOT NULL AUTO_INCREMENT,
  `app_label` varchar(100) NOT NULL,
  `model` varchar(100) NOT NULL,
  PRIMARY KEY (`id`),
  UNIQUE KEY `django_content_type_app_label_model_76bd3d3b_uniq` (`app_label`,`model`)
) ENGINE=InnoDB AUTO_INCREMENT=11 DEFAULT CHARSET=utf8mb4 COLLATE=utf8mb4_0900_ai_ci;
/*!40101 SET character_set_client = @saved_cs_client */;

--
-- Dumping data for table `django_content_type`
--

LOCK TABLES `django_content_type` WRITE;
/*!40000 ALTER TABLE `django_content_type` DISABLE KEYS */;
/*!40000 ALTER TABLE `django_content_type` ENABLE KEYS */;
UNLOCK TABLES;

--
-- Table structure for table `django_migrations`
--

DROP TABLE IF EXISTS `django_migrations`;
/*!40101 SET @saved_cs_client     = @@character_set_client */;
/*!50503 SET character_set_client = utf8mb4 */;
CREATE TABLE `django_migrations` (
  `id` bigint NOT NULL AUTO_INCREMENT,
  `app` varchar(255) NOT NULL,
  `name` varchar(255) NOT NULL,
  `applied` datetime(6) NOT NULL,
  PRIMARY KEY (`id`)
) ENGINE=InnoDB AUTO_INCREMENT=21 DEFAULT CHARSET=utf8mb4 COLLATE=utf8mb4_0900_ai_ci;
/*!40101 SET character_set_client = @saved_cs_client */;

--
-- Dumping data for table `django_migrations`
--

LOCK TABLES `django_migrations` WRITE;
/*!40000 ALTER TABLE `django_migrations` DISABLE KEYS */;
/*!40000 ALTER TABLE `django_migrations` ENABLE KEYS */;
UNLOCK TABLES;

--
-- Table structure for table `django_session`
--

DROP TABLE IF EXISTS `django_session`;
/*!40101 SET @saved_cs_client     = @@character_set_client */;
/*!50503 SET character_set_client = utf8mb4 */;
CREATE TABLE `django_session` (
  `session_key` varchar(40) NOT NULL,
  `session_data` longtext NOT NULL,
  `expire_date` datetime(6) NOT NULL,
  PRIMARY KEY (`session_key`),
  KEY `django_session_expire_date_a5c62663` (`expire_date`)
) ENGINE=InnoDB DEFAULT CHARSET=utf8mb4 COLLATE=utf8mb4_0900_ai_ci;
/*!40101 SET character_set_client = @saved_cs_client */;

--
-- Dumping data for table `django_session`
--

LOCK TABLES `django_session` WRITE;
/*!40000 ALTER TABLE `django_session` DISABLE KEYS */;
/*!40000 ALTER TABLE `django_session` ENABLE KEYS */;
UNLOCK TABLES;

--
-- Table structure for table `emotion`
--

DROP TABLE IF EXISTS `emotion`;
/*!40101 SET @saved_cs_client     = @@character_set_client */;
/*!50503 SET character_set_client = utf8mb4 */;
CREATE TABLE `emotion` (
  `fno` int NOT NULL,
  `happy` double DEFAULT NULL,
  `unstable` double DEFAULT NULL,
  `embarrass` double DEFAULT NULL,
  `sad` double DEFAULT NULL,
  `angry` double DEFAULT NULL,
  `hurt` double DEFAULT NULL,
  `emotion` text,
  PRIMARY KEY (`fno`)
) ENGINE=InnoDB DEFAULT CHARSET=utf8mb4 COLLATE=utf8mb4_0900_ai_ci;
/*!40101 SET character_set_client = @saved_cs_client */;

--
-- Dumping data for table `emotion`
--

LOCK TABLES `emotion` WRITE;
/*!40000 ALTER TABLE `emotion` DISABLE KEYS */;
INSERT INTO `emotion` VALUES (1,40.969,1.957,0.778,53.528,0.745,2.024,'슬픔'),(2,15.062,6.376,24.23,34.941,18.941,0.451,'슬픔'),(3,47.381,34.826,3.782,12.232,1.18,0.599,'기쁨'),(4,99.64,0.036,0.016,0.037,0.079,0.191,'기쁨'),(5,0.878,0.288,23.061,1.166,38.077,36.53,'분노'),(6,97.612,0.111,0.11,0.098,1.072,0.996,'기쁨'),(7,0.251,96.1,0.334,1.263,1.727,0.326,'불안'),(8,99.555,0.137,0.017,0.08,0.085,0.126,'기쁨'),(9,96.157,0.826,0.055,2.564,0.173,0.225,'기쁨'),(10,2.258,0.046,0.267,0.268,0.13,97.03,'상처'),(11,55.028,3.823,0.424,37.884,2.565,0.277,'기쁨'),(12,38.496,48.476,0.488,6.643,4.74,1.157,'불안'),(13,96.49,0.167,0.102,0.447,0.368,2.426,'기쁨'),(14,99.365,0.039,0.028,0.038,0.139,0.39,'기쁨'),(15,93.641,0.224,0.447,0.238,1.001,4.45,'기쁨'),(16,64.399,2.605,0.39,0.842,0.945,30.819,'기쁨'),(17,9.093,1.358,36.072,6.58,6.363,40.534,'상처'),(18,1.073,0.277,5.487,0.119,0.238,92.807,'상처'),(19,98.853,0.232,0.103,0.142,0.274,0.396,'기쁨'),(20,4.774,0.173,20.833,3.025,0.934,70.261,'상처'),(21,96.019,1.721,0.055,1.253,0.842,0.111,'기쁨'),(22,95.328,3.324,0.257,0.409,0.46,0.222,'기쁨'),(23,3.223,13.843,1.642,51.168,1.357,28.768,'슬픔'),(24,35.118,3.387,45.731,13.828,0.483,1.453,'당황'),(25,99.314,0.204,0.038,0.202,0.132,0.11,'기쁨'),(26,0.774,3.123,0.039,94.587,1.122,0.355,'슬픔'),(27,17.092,2.965,7.761,2.574,11.942,57.666,'상처'),(28,97.519,0.576,0.101,0.577,0.572,0.656,'기쁨'),(29,0.08,0.498,3.419,93.054,0.404,2.545,'슬픔'),(30,37.168,0.126,0.486,0.922,0.64,60.658,'상처'),(31,20.349,1.894,0.207,0.372,76.662,0.516,'분노'),(32,86.514,0.904,1.977,1.605,2.215,6.785,'기쁨'),(33,1.376,15.903,6.307,26.414,9.21,40.79,'상처'),(34,99.615,0.022,0.014,0.078,0.093,0.178,'기쁨'),(35,11.3,65.838,0.363,15.289,6.195,1.014,'불안'),(36,95.484,0.088,0.364,0.066,0.736,3.262,'기쁨'),(37,94.485,1.702,0.066,1.248,2.169,0.329,'기쁨'),(38,66.276,18.985,3.636,4.818,4.894,1.39,'기쁨'),(39,15.614,1.927,7.562,1.887,59.669,13.341,'분노'),(40,94.304,0.359,0.058,4.904,0.192,0.183,'기쁨'),(41,95.485,0.391,0.31,2.053,0.45,1.311,'기쁨'),(42,0.252,0.324,0.077,99.019,0.205,0.122,'슬픔'),(43,0.202,93.624,0.385,0.59,3.702,1.498,'불안'),(44,99.164,0.089,0.039,0.095,0.275,0.338,'기쁨'),(45,98.56,0.314,0.043,0.204,0.349,0.529,'기쁨'),(46,98.411,0.919,0.036,0.057,0.473,0.103,'기쁨'),(47,36.567,0.223,51.508,1.526,6.615,3.56,'당황'),(48,95.112,0.442,0.47,0.872,1.458,1.646,'기쁨'),(49,20.603,7.765,7.761,15.138,43.825,4.909,'분노'),(50,0.066,1.083,0.289,0.203,98.188,0.171,'분노'),(51,98.857,0.27,0.039,0.054,0.661,0.119,'기쁨'),(52,7.401,2.825,0.238,88.573,0.766,0.196,'슬픔'),(53,0.346,0.54,11.247,19.612,0.543,67.712,'상처'),(54,96.41,0.109,0.079,1.991,0.216,1.196,'기쁨'),(55,31.163,6.265,0.931,58.361,1.67,1.611,'슬픔'),(56,0.088,96.478,0.204,0.343,2.363,0.524,'불안'),(57,21.978,70.683,1.437,1.161,3.997,0.745,'불안'),(58,98.968,0.029,0.107,0.031,0.144,0.722,'기쁨'),(59,1.17,0.144,0.082,98.287,0.21,0.107,'슬픔'),(60,86.726,0.99,1.353,7.557,0.751,2.624,'기쁨'),(61,99.584,0.115,0.014,0.16,0.075,0.053,'기쁨'),(62,99.529,0.052,0.016,0.039,0.087,0.277,'기쁨'),(63,4.725,0.365,13.049,0.762,0.297,80.801,'상처'),(64,64.852,2.252,0.189,29.524,2.311,0.872,'기쁨'),(65,0.062,0.095,0.09,99.565,0.164,0.024,'슬픔'),(66,5.845,9.22,1.699,80.169,2.476,0.59,'슬픔'),(67,5.424,0.924,0.501,81.665,4.112,7.373,'슬픔'),(68,3.573,3.545,19.725,0.511,0.844,71.802,'상처'),(69,0.878,0.498,63.296,7.608,1.301,26.419,'당황'),(70,99.224,0.072,0.048,0.124,0.35,0.182,'기쁨'),(71,97.302,0.87,0.107,0.523,0.974,0.224,'기쁨'),(72,3.194,0.301,29.126,63.11,0.499,3.77,'슬픔'),(73,78.764,1.121,11.403,2.508,1.246,4.959,'기쁨'),(74,39.564,3.384,0.46,54.883,1.176,0.531,'슬픔'),(75,7.585,16.821,0.596,73.008,1.417,0.573,'슬픔'),(76,14.551,1.313,1.709,77.466,3.89,1.071,'슬픔'),(77,97.389,0.732,0.071,1.064,0.326,0.419,'기쁨'),(78,88.648,0.409,0.89,0.174,2.632,7.247,'기쁨'),(79,99.644,0.069,0.046,0.057,0.099,0.085,'기쁨'),(80,40.73,0.642,6.094,50.698,0.955,0.881,'슬픔'),(81,82.181,1.498,2.968,7.333,1.315,4.704,'기쁨'),(82,72.82,12.533,0.293,9.754,4.195,0.404,'기쁨'),(83,58.271,31.201,0.444,6.285,2.944,0.854,'기쁨'),(84,0.697,0.142,76.457,2.341,12.53,7.834,'당황'),(85,0.459,0.219,0.046,99.024,0.207,0.045,'슬픔'),(86,0.018,0.105,0.557,99.024,0.159,0.138,'슬픔'),(87,0.434,0.176,5.897,0.293,0.956,92.244,'상처'),(88,0.143,0.035,99.319,0.151,0.09,0.262,'당황'),(89,1.407,0.15,0.042,97.815,0.464,0.121,'슬픔'),(90,42.479,12.998,3.782,9.948,6.568,24.225,'기쁨'),(91,0.067,0.859,29.911,0.828,67.951,0.384,'분노'),(92,98.342,0.697,0.03,0.439,0.28,0.213,'기쁨'),(93,99.866,0.033,0.006,0.027,0.04,0.028,'기쁨'),(94,97.271,0.115,0.516,0.168,0.714,1.216,'기쁨'),(95,95.536,0.277,0.084,3.568,0.23,0.305,'기쁨'),(96,69.733,25.983,0.381,1.793,1.24,0.869,'기쁨'),(97,99.451,0.073,0.045,0.282,0.085,0.065,'기쁨'),(98,98.744,0.053,0.071,0.544,0.299,0.288,'기쁨'),(99,0.052,85.962,7.426,0.317,0.22,6.023,'불안'),(100,98.42,0.038,0.229,0.886,0.219,0.208,'기쁨'),(101,35.04,0.199,0.105,60.741,1.116,2.799,'슬픔'),(102,3.418,1.461,90.624,1.337,1.251,1.91,'당황'),(103,99.383,0.029,0.043,0.142,0.239,0.164,'기쁨'),(104,99.399,0.033,0.026,0.049,0.138,0.356,'기쁨'),(105,78.316,0.049,13.638,1.501,0.639,5.856,'기쁨'),(106,97.873,0.238,0.44,0.349,0.711,0.389,'기쁨'),(107,0.04,0.068,0.041,99.711,0.1,0.039,'슬픔'),(108,0.123,0.107,99.271,0.122,0.317,0.061,'당황'),(109,0.178,1.368,1.573,92.506,2.607,1.768,'슬픔'),(110,8.588,2.058,1.983,86.217,0.883,0.27,'슬픔'),(111,99.732,0.062,0.022,0.021,0.07,0.094,'기쁨'),(112,8.09,38.792,0.252,47.58,2.287,2.999,'슬픔'),(113,97.847,1,0.065,0.155,0.102,0.83,'기쁨'),(114,2.506,4.382,0.164,91.302,1.267,0.38,'슬픔'),(115,89.198,0.777,2.199,3.887,3.489,0.449,'기쁨'),(116,3.257,0.265,0.06,96.068,0.243,0.107,'슬픔'),(117,93.462,0.838,0.082,0.169,0.43,5.02,'기쁨'),(118,92.09,0.303,0.277,0.681,0.542,6.107,'기쁨'),(119,94.323,3.105,0.425,0.393,1.349,0.406,'기쁨'),(120,43.694,3.603,0.776,13.654,37.063,1.21,'기쁨'),(121,96.475,0.4,0.253,1.667,0.856,0.349,'기쁨'),(122,0.79,0.1,6.047,1.034,0.519,91.51,'상처'),(123,0.029,0.123,0.377,98.608,0.703,0.159,'슬픔'),(124,0.074,0.123,0.062,99.602,0.09,0.049,'슬픔'),(125,99.249,0.105,0.225,0.079,0.207,0.135,'기쁨'),(126,59.363,1.847,1.504,18.241,13.92,5.125,'기쁨'),(127,0.172,0.398,0.514,98.622,0.24,0.053,'슬픔'),(128,15.164,3.022,0.257,10.511,58.885,12.16,'분노'),(129,96.242,1.006,0.365,0.27,1.335,0.783,'기쁨'),(130,21.434,0.299,0.215,22.568,41.229,14.256,'분노'),(131,97.724,0.218,0.073,1.376,0.181,0.428,'기쁨'),(132,99.399,0.217,0.048,0.191,0.114,0.03,'기쁨'),(133,66.006,0.672,5.477,26.845,0.452,0.548,'기쁨'),(134,95.625,1.324,0.188,2.144,0.431,0.289,'기쁨'),(135,99.433,0.145,0.024,0.127,0.168,0.103,'기쁨'),(136,99.715,0.019,0.02,0.073,0.042,0.132,'기쁨'),(137,91.197,0.154,0.468,6.295,1.048,0.838,'기쁨'),(138,98.556,0.112,0.076,0.342,0.507,0.406,'기쁨'),(139,17.553,0.33,3.507,76.612,1.003,0.995,'슬픔'),(140,0.093,0.017,0.269,0.118,0.144,99.359,'상처'),(141,0.336,0.107,77.828,0.226,0.722,20.781,'당황'),(142,51.998,4.503,16.525,5.85,19.528,1.596,'기쁨'),(143,0.364,5.749,38.321,41.952,0.516,13.098,'슬픔'),(144,95.364,2.318,0.154,0.492,0.246,1.426,'기쁨'),(145,90.094,0.07,0.567,0.262,0.38,8.628,'기쁨'),(146,99.273,0.04,0.083,0.058,0.042,0.503,'기쁨'),(147,83.204,0.982,0.211,14.51,0.653,0.44,'기쁨'),(148,0.925,0.205,21.358,1.363,7.488,68.661,'상처'),(149,99.036,0.133,0.018,0.379,0.184,0.25,'기쁨'),(150,99.025,0.031,0.082,0.059,0.092,0.711,'기쁨'),(151,99.632,0.061,0.015,0.152,0.047,0.093,'기쁨'),(152,26.145,0.493,0.114,71.828,1.051,0.369,'슬픔'),(153,0.228,99.015,0.093,0.085,0.415,0.164,'불안'),(154,0.057,0.094,0.134,2.593,1.758,95.364,'상처'),(155,90.884,0.453,1.103,4.173,0.472,2.915,'기쁨'),(156,31.757,59.971,0.494,0.6,6.158,1.02,'불안'),(157,99.749,0.05,0.016,0.047,0.069,0.07,'기쁨'),(158,77.519,0.76,4.287,2.748,3.267,11.419,'기쁨'),(159,99.104,0.116,0.06,0.073,0.081,0.565,'기쁨'),(160,52.692,0.377,2.988,1.236,6.622,36.085,'기쁨'),(161,1.323,14.988,53.499,22.792,4.406,2.992,'당황'),(162,98.401,0.08,0.144,0.153,0.316,0.906,'기쁨'),(163,99.557,0.034,0.02,0.1,0.152,0.136,'기쁨'),(164,98.394,0.046,0.063,0.16,0.205,1.132,'기쁨'),(165,29.757,44.809,13.863,3.212,7.191,1.168,'불안'),(166,9.095,54.685,1.295,2.455,31.751,0.719,'불안'),(167,99.373,0.037,0.076,0.028,0.164,0.323,'기쁨'),(168,2.976,90.352,1.119,1.418,3.753,0.382,'불안'),(169,0.042,0.019,0.281,0.138,0.059,99.459,'상처'),(170,0.089,0.018,0.169,0.075,0.122,99.527,'상처'),(171,0.026,0.094,0.033,99.621,0.157,0.069,'슬픔'),(172,0.205,59.486,38.909,0.106,0.487,0.807,'불안'),(173,79.317,9.655,0.152,0.523,9.876,0.477,'기쁨'),(174,64.217,13.68,1.188,1.381,18.468,1.067,'기쁨'),(175,42.417,0.714,3.124,0.298,4.554,48.892,'상처'),(176,0.025,3.908,1.605,92.901,1.351,0.21,'슬픔'),(177,99.536,0.158,0.049,0.034,0.128,0.094,'기쁨'),(178,0.141,95.943,0.414,2.242,0.966,0.293,'불안'),(179,0.278,0.162,99.172,0.114,0.196,0.078,'당황'),(180,31.983,1.965,6.363,1.363,8.904,49.422,'상처'),(181,70.189,8.669,0.869,3.8,12.446,4.027,'기쁨'),(182,93.397,0.114,0.051,4.612,1.381,0.445,'기쁨'),(183,40.702,0.632,20.973,0.156,0.374,37.163,'기쁨'),(184,64.917,3.666,3.475,1.706,5.395,20.841,'기쁨'),(185,99.394,0.038,0.065,0.123,0.25,0.131,'기쁨'),(186,97.613,0.169,1.138,0.381,0.36,0.339,'기쁨'),(187,0.693,0.11,0.039,98.934,0.158,0.066,'슬픔'),(188,4.849,27.512,3.291,33.609,30.191,0.547,'슬픔'),(189,36.301,0.181,3.533,0.375,0.55,59.061,'상처'),(190,23.236,5.525,3.875,32.396,1.305,33.663,'상처'),(191,22.8,4.608,25.01,7.337,16.297,23.948,'당황'),(192,44.521,18.561,0.192,30.674,4.995,1.056,'기쁨'),(193,96.922,0.198,0.121,0.987,0.944,0.829,'기쁨'),(194,94.112,0.161,0.053,1.635,0.415,3.624,'기쁨'),(195,98.682,0.073,0.054,0.102,0.974,0.115,'기쁨'),(196,4.922,0.461,0.064,0.282,0.295,93.977,'상처'),(197,98.565,0.125,0.044,0.305,0.434,0.527,'기쁨'),(198,99.665,0.032,0.019,0.047,0.063,0.176,'기쁨'),(199,98.097,0.085,0.092,0.276,1.131,0.319,'기쁨'),(200,78.412,10.882,0.26,0.263,9.852,0.331,'기쁨'),(201,4.402,12.74,13.988,6.351,55.737,6.783,'분노'),(202,69.031,0.357,0.128,25.665,4.241,0.578,'기쁨'),(203,95.546,0.191,0.085,3.554,0.414,0.21,'기쁨'),(204,98.023,0.143,0.239,0.249,0.36,0.986,'기쁨'),(205,43.396,0.188,0.392,2.853,0.931,52.24,'상처'),(206,2.859,1.109,2.242,92.81,0.809,0.172,'슬픔'),(207,0.08,0.136,0.111,99.444,0.097,0.131,'슬픔'),(208,97.516,0.187,0.586,0.866,0.274,0.57,'기쁨'),(209,2.732,23.537,2.177,62.669,5.861,3.025,'슬픔'),(210,57.668,0.13,9.534,0.674,0.607,31.386,'기쁨'),(211,40.433,1.184,15.248,0.241,0.499,42.396,'상처'),(212,1.922,2.662,67.494,4.744,0.33,22.847,'당황'),(213,99.568,0.177,0.016,0.103,0.1,0.036,'기쁨'),(214,98.045,0.09,0.129,1.11,0.152,0.473,'기쁨'),(215,96.294,0.138,0.027,3.21,0.263,0.069,'기쁨'),(216,97.633,0.271,0.401,0.251,0.909,0.536,'기쁨'),(217,98.686,0.091,0.151,0.642,0.262,0.167,'기쁨'),(218,93.442,0.355,0.104,5.64,0.212,0.246,'기쁨'),(219,12.396,1.511,1.486,82.508,1.697,0.402,'슬픔'),(220,69.823,7.4,15.55,1.87,4.27,1.088,'기쁨'),(221,90.08,0.101,0.121,2.203,6.865,0.63,'기쁨'),(222,92.359,1.566,0.282,4.798,0.762,0.234,'기쁨'),(223,98.841,0.066,0.037,0.706,0.169,0.18,'기쁨'),(224,99.474,0.035,0.102,0.074,0.105,0.209,'기쁨'),(225,99.749,0.027,0.013,0.027,0.042,0.142,'기쁨'),(226,0.792,6.924,56.112,0.318,2.72,33.135,'당황'),(227,97.814,0.14,0.081,0.179,1.562,0.224,'기쁨'),(228,1.027,3.955,0.32,92.098,2.36,0.241,'슬픔'),(229,96.252,0.066,0.099,0.071,0.216,3.296,'기쁨'),(230,99.884,0.015,0.008,0.022,0.045,0.026,'기쁨'),(231,4.51,76.059,1.912,1.819,14.616,1.084,'불안'),(232,90.37,0.863,0.247,2.296,0.388,5.835,'기쁨'),(233,84.612,0.576,0.129,9.524,1.138,4.021,'기쁨'),(234,99.262,0.051,0.061,0.076,0.195,0.355,'기쁨'),(235,22.616,1.767,23.884,39.856,11.439,0.438,'슬픔'),(236,96.612,0.623,0.103,2.134,0.399,0.13,'기쁨'),(237,98.513,0.284,0.311,0.284,0.321,0.287,'기쁨'),(238,97.533,0.196,0.147,0.283,1.215,0.627,'기쁨'),(239,38.364,57.441,0.251,1.22,2.384,0.34,'불안'),(240,99.198,0.084,0.025,0.072,0.417,0.203,'기쁨'),(241,86.027,0.431,0.077,12.864,0.337,0.264,'기쁨'),(242,99.255,0.071,0.231,0.075,0.127,0.241,'기쁨'),(243,1.576,0.267,7.453,28.479,0.886,61.34,'상처'),(244,1.883,0.45,0.215,96.533,0.693,0.225,'슬픔'),(245,0.894,0.057,1.054,0.699,0.123,97.173,'상처'),(246,98.469,0.207,0.055,0.398,0.383,0.488,'기쁨'),(247,98.079,0.059,1.084,0.091,0.295,0.392,'기쁨'),(248,19.887,17.712,6.406,1.951,51.618,2.426,'분노'),(249,0.206,0.285,59.143,37.506,0.39,2.469,'당황'),(250,99.217,0.092,0.083,0.105,0.182,0.32,'기쁨'),(251,47.944,33.548,2.262,2.3,12.231,1.715,'기쁨'),(252,75.646,0.244,1.34,0.13,1.983,20.657,'기쁨'),(253,10.94,2.05,0.406,81.027,4.904,0.674,'슬픔'),(254,2.142,89.856,0.178,0.179,7.085,0.56,'불안'),(255,26.095,1.784,34.523,8.843,2.026,26.73,'당황'),(256,68.196,0.665,0.958,0.55,5.753,23.878,'기쁨'),(257,99.285,0.065,0.038,0.101,0.125,0.386,'기쁨'),(258,96.64,0.474,0.102,2.181,0.288,0.314,'기쁨'),(259,3.669,0.581,0.055,94.38,1.066,0.249,'슬픔'),(260,87.164,0.627,0.39,6.79,3.95,1.079,'기쁨'),(261,97.02,0.395,0.067,2.201,0.168,0.149,'기쁨'),(262,16.783,0.592,46.238,5.949,3.901,26.537,'당황'),(263,99.292,0.171,0.031,0.173,0.206,0.127,'기쁨'),(264,70.674,26.006,0.306,0.736,1.22,1.059,'기쁨'),(265,89.84,4.215,0.204,2.585,2.516,0.64,'기쁨'),(266,72.97,0.637,6.963,9.674,2.088,7.669,'기쁨'),(267,7.477,2.925,2.396,52.814,31.466,2.922,'슬픔'),(268,2.255,1.638,31.05,1.825,32.22,31.013,'분노'),(269,95.469,0.219,0.063,1.414,0.922,1.913,'기쁨'),(270,82.166,0.827,1.672,5.27,3.255,6.809,'기쁨'),(271,96.296,0.086,0.226,0.105,0.337,2.95,'기쁨'),(272,99.212,0.062,0.21,0.037,0.135,0.344,'기쁨'),(273,98.654,0.199,0.254,0.078,0.637,0.178,'기쁨'),(274,1.594,0.438,0.677,96.419,0.479,0.392,'슬픔'),(275,94.497,0.365,0.234,0.067,0.064,4.772,'기쁨'),(276,54.562,18.888,0.445,0.445,24.421,1.239,'기쁨'),(277,99.58,0.064,0.031,0.089,0.112,0.124,'기쁨'),(278,95.238,0.096,0.154,0.214,0.922,3.375,'기쁨'),(279,99.129,0.229,0.035,0.08,0.449,0.078,'기쁨'),(280,14.379,0.689,73.266,1.891,8.34,1.434,'당황'),(281,83.39,4.871,0.684,0.397,9.679,0.979,'기쁨'),(282,0.316,8.951,20.324,67.189,2.653,0.567,'슬픔'),(283,1.201,2.499,85.432,5.048,0.76,5.059,'당황'),(284,93.362,2.649,0.362,0.386,1.572,1.669,'기쁨'),(285,0.807,0.335,14.72,0.223,82.572,1.343,'분노'),(286,96.816,0.477,0.092,2.242,0.151,0.223,'기쁨'),(287,98.246,0.303,0.031,0.979,0.165,0.276,'기쁨'),(288,0.531,0.092,0.22,0.123,0.196,98.837,'상처'),(289,98.855,0.168,0.117,0.217,0.373,0.271,'기쁨'),(290,1.58,88.977,0.309,1.693,6.894,0.547,'불안'),(291,14.754,54.059,1.991,22.269,5.547,1.38,'불안'),(292,68.735,0.553,0.659,0.529,29.224,0.3,'기쁨'),(293,0.326,0.367,0.097,98.399,0.687,0.123,'슬픔'),(294,3.89,6.996,0.148,84.647,4.163,0.155,'슬픔'),(295,77.618,0.696,0.336,13.188,2.121,6.042,'기쁨'),(296,98.554,0.131,0.168,0.534,0.179,0.433,'기쁨'),(297,99.823,0.019,0.012,0.023,0.039,0.083,'기쁨'),(298,97.962,0.218,0.29,0.377,0.732,0.42,'기쁨'),(299,0.046,0.151,0.077,99.42,0.259,0.046,'슬픔'),(300,26.639,47.243,0.889,4.772,15.71,4.746,'불안'),(301,81.921,2.555,0.412,3.289,9.288,2.535,'기쁨'),(302,99.39,0.058,0.105,0.065,0.133,0.249,'기쁨'),(303,0.071,0.212,90.135,2.772,0.489,6.319,'당황'),(304,6.91,0.668,1.212,0.286,1.614,89.31,'상처'),(305,95.596,0.115,0.055,0.245,0.235,3.754,'기쁨'),(306,27.918,34.326,26.697,1.833,5.074,4.151,'불안'),(307,0.119,0.064,0.09,0.054,0.251,99.423,'상처'),(308,0.054,0.066,3.887,0.361,1.561,94.071,'상처'),(309,2.644,2.578,11.346,79.339,3.826,0.268,'슬픔'),(310,29.428,0.879,42.942,5.243,13.505,8.003,'당황'),(311,68.511,0.716,13.295,2.659,3.293,11.525,'기쁨'),(312,23.089,13.454,1.148,2.211,15.074,45.023,'상처'),(313,1.631,2.514,1.038,62.782,3.368,28.666,'슬픔'),(314,0.386,0.376,1.922,2.251,0.891,94.173,'상처'),(315,98.529,0.337,0.058,0.098,0.583,0.395,'기쁨'),(316,47.063,9.35,1.691,21.292,10.889,9.715,'기쁨'),(317,6.571,0.293,0.078,92.586,0.293,0.18,'슬픔'),(318,86.411,0.752,0.206,11.907,0.453,0.272,'기쁨'),(319,36.459,55.556,0.213,6.816,0.683,0.274,'불안'),(320,99.877,0.017,0.009,0.018,0.03,0.049,'기쁨'),(321,96.711,0.32,0.035,2.653,0.173,0.108,'기쁨'),(322,0.074,0.654,0.609,0.14,98.402,0.121,'분노'),(323,99.6,0.063,0.024,0.069,0.077,0.168,'기쁨'),(324,20.889,0.197,2.232,0.271,1.386,75.026,'상처'),(325,0.024,0.093,99.14,0.094,0.085,0.565,'당황'),(326,99.461,0.253,0.016,0.067,0.161,0.042,'기쁨'),(327,49.049,16.53,4.56,1.593,12.105,16.164,'기쁨'),(328,0.177,83.834,0.119,0.643,14.948,0.278,'불안'),(329,98.76,0.122,0.075,0.154,0.513,0.376,'기쁨'),(330,95.734,0.249,0.112,0.96,0.663,2.281,'기쁨'),(331,8.038,4.629,2.883,6.905,9.426,68.119,'상처'),(332,99.598,0.116,0.088,0.103,0.046,0.049,'기쁨'),(333,99.831,0.018,0.009,0.029,0.064,0.05,'기쁨'),(334,84.008,2.632,0.214,11.445,1.292,0.409,'기쁨'),(335,33.522,8.675,0.768,13.825,3.443,39.768,'상처'),(336,3.887,0.413,0.274,0.291,94.771,0.365,'분노'),(337,98.16,0.144,0.106,0.69,0.781,0.119,'기쁨'),(338,97.831,0.116,0.233,0.377,0.143,1.3,'기쁨'),(339,25.551,0.671,0.823,72.061,0.684,0.21,'슬픔'),(340,0.575,30.535,1.717,34.596,30.948,1.628,'슬픔'),(341,86.451,0.77,4.828,0.468,0.831,6.651,'기쁨'),(342,99.295,0.018,0.06,0.031,0.121,0.475,'기쁨'),(343,98.244,0.557,0.126,0.06,0.592,0.421,'기쁨'),(344,98.255,0.252,0.194,0.271,0.488,0.541,'기쁨'),(345,94.583,0.094,0.144,0.072,0.816,4.292,'기쁨'),(346,0.108,1.393,88.829,1.297,8.249,0.124,'당황'),(347,95.799,0.085,0.13,0.233,0.406,3.348,'기쁨'),(348,99.547,0.16,0.045,0.159,0.026,0.063,'기쁨'),(349,67.052,24.164,0.597,0.689,7.152,0.346,'기쁨'),(350,99.43,0.068,0.056,0.087,0.149,0.21,'기쁨'),(351,99.713,0.053,0.011,0.066,0.051,0.105,'기쁨'),(352,0.015,0.424,0.156,98.867,0.293,0.245,'슬픔'),(353,98.394,0.048,0.133,0.354,0.26,0.811,'기쁨'),(354,0.371,0.178,3.787,5.601,1.186,88.877,'상처'),(355,97.419,0.052,0.173,0.135,0.161,2.059,'기쁨'),(356,99.647,0.079,0.019,0.058,0.042,0.155,'기쁨'),(357,0.396,0.636,6.713,0.267,0.12,91.867,'상처'),(358,0.255,0.158,0.074,99.281,0.163,0.07,'슬픔'),(359,37.868,2.377,0.13,55.461,1.7,2.463,'슬픔'),(360,98.956,0.171,0.134,0.152,0.527,0.06,'기쁨'),(361,37.234,10.237,1.128,1.642,48.151,1.607,'분노'),(362,0.2,67.721,0.286,1.755,29.551,0.486,'불안'),(363,97.41,0.03,0.12,0.076,0.125,2.239,'기쁨'),(364,66.482,15.793,3.445,5.61,2.764,5.906,'기쁨'),(365,9.647,2.314,4.53,0.635,34.741,48.134,'상처'),(366,6.503,72.55,0.519,1.938,18.05,0.441,'불안');
/*!40000 ALTER TABLE `emotion` ENABLE KEYS */;
UNLOCK TABLES;

--
-- Table structure for table `flower`
--

DROP TABLE IF EXISTS `flower`;
/*!40101 SET @saved_cs_client     = @@character_set_client */;
/*!50503 SET character_set_client = utf8mb4 */;
CREATE TABLE `flower` (
  `fno` int NOT NULL,
  `fname_KR` varchar(40) DEFAULT NULL,
  `fname_EN` varchar(40) DEFAULT NULL,
  `fmonth` int DEFAULT NULL,
  `fday` int DEFAULT NULL,
  `flang` varchar(100) DEFAULT NULL,
  `fcontents` varchar(500) DEFAULT NULL,
  `fuse` varchar(500) DEFAULT NULL,
  `fgrow` varchar(500) DEFAULT NULL,
  `img1` varchar(400) DEFAULT NULL,
  `img2` varchar(400) DEFAULT NULL,
  `img3` varchar(400) DEFAULT NULL,
  `watercolor_img` varchar(400) DEFAULT NULL,
  PRIMARY KEY (`fno`)
) ENGINE=InnoDB DEFAULT CHARSET=utf8mb4 COLLATE=utf8mb4_0900_ai_ci;
/*!40101 SET character_set_client = @saved_cs_client */;

--
-- Dumping data for table `flower`
--

LOCK TABLES `flower` WRITE;
/*!40000 ALTER TABLE `flower` DISABLE KEYS */;
